# Created by Octave 4.4.1, Fri Jul 26 22:41:13 2019 GMT <unknown@Kevin>
# name: v
# type: matrix
# rows: 1
# columns: 10
 2104 1600 2400 1416 3000 1985 1534 1427 1380 1494


